
MATRIZ DE RIGIDEZ GLOBAL DA ESTRUTURA
           1.000           0.000           0.000           0.000           0.000           0.000           0.000           0.000           0.000           0.000           0.000           0.000           0.000           0.000           0.000           0.000           0.000           0.000           0.000           0.000           0.000           0.000           0.000           0.000           0.000           0.000           0.000
           0.000           1.000           0.000           0.000           0.000           0.000           0.000           0.000           0.000           0.000           0.000           0.000           0.000           0.000           0.000           0.000           0.000           0.000           0.000           0.000           0.000           0.000           0.000           0.000           0.000           0.000           0.000
           0.000           0.000           1.000           0.000           0.000           0.000           0.000           0.000           0.000           0.000           0.000           0.000           0.000           0.000           0.000           0.000           0.000           0.000           0.000           0.000           0.000           0.000           0.000           0.000           0.000           0.000           0.000
           0.000           0.000           0.000  4847725037.037           0.000    87608888.889 -2800000000.000           0.000           0.000   -66370370.370           0.000  -199111111.111 -1866666666.667           0.000           0.000           0.000           0.000           0.000           0.000           0.000           0.000           0.000           0.000           0.000           0.000           0.000           0.000
           0.000           0.000           0.000           0.000  8236562962.963   -49777777.778           0.000   -17920000.000   -89600000.000           0.000 -3733333333.333           0.000           0.000    -5309629.630    39822222.222           0.000           0.000           0.000           0.000           0.000           0.000           0.000           0.000           0.000           0.000           0.000           0.000
           0.000           0.000           0.000    87608888.889   -49777777.778  2747733333.333           0.000    89600000.000   298666666.667   199111111.111           0.000   398222222.222           0.000   -39822222.222   199111111.111           0.000           0.000           0.000           0.000           0.000           0.000           0.000           0.000           0.000           0.000           0.000           0.000
           0.000           0.000           0.000 -2800000000.000           0.000           0.000  3196192265.112   237644050.122     -356544.725  -396192265.112  -237644050.122     -356544.725           0.000           0.000           0.000           0.000           0.000           0.000           0.000           0.000           0.000           0.000           0.000           0.000           0.000           0.000           0.000
           0.000           0.000           0.000           0.000   -17920000.000    89600000.000   237644050.122   160625278.315    90194241.208  -237644050.122  -142705278.315      594241.208           0.000           0.000           0.000           0.000           0.000           0.000           0.000           0.000           0.000           0.000           0.000           0.000           0.000           0.000           0.000
           0.000           0.000           0.000           0.000   -89600000.000   298666666.667     -356544.725    90194241.208   602721120.285      356544.725     -594241.208     2693893.476           0.000           0.000           0.000           0.000           0.000           0.000           0.000           0.000           0.000           0.000           0.000           0.000           0.000           0.000           0.000
           0.000           0.000           0.000   -66370370.370           0.000   199111111.111  -396192265.112  -237644050.122      356544.725   462562635.482   237644050.122   199467655.836           0.000           0.000           0.000           0.000           0.000           0.000           0.000           0.000           0.000           0.000           0.000           0.000           0.000           0.000           0.000
           0.000           0.000           0.000           0.000 -3733333333.333           0.000  -237644050.122  -142705278.315     -594241.208   237644050.122  3876038611.648     -594241.208           0.000           0.000           0.000           0.000           0.000           0.000           0.000           0.000           0.000           0.000           0.000           0.000           0.000           0.000           0.000
           0.000           0.000           0.000  -199111111.111           0.000   398222222.222     -356544.725      594241.208     2693893.476   199467655.836     -594241.208   801832231.396           0.000           0.000           0.000           0.000           0.000           0.000           0.000           0.000           0.000           0.000           0.000           0.000           0.000           0.000           0.000
           0.000           0.000           0.000 -1866666666.667           0.000           0.000           0.000           0.000           0.000           0.000           0.000           0.000  3733333333.333           0.000           0.000 -1866666666.667           0.000           0.000           0.000           0.000           0.000           0.000           0.000           0.000           0.000           0.000           0.000
           0.000           0.000           0.000           0.000    -5309629.630   -39822222.222           0.000           0.000           0.000           0.000           0.000           0.000           0.000    10619259.259           0.000           0.000    -5309629.630    39822222.222           0.000           0.000           0.000           0.000           0.000           0.000           0.000           0.000           0.000
           0.000           0.000           0.000           0.000    39822222.222   199111111.111           0.000           0.000           0.000           0.000           0.000           0.000           0.000           0.000   796444444.444           0.000   -39822222.222   199111111.111           0.000           0.000           0.000           0.000           0.000           0.000           0.000           0.000           0.000
           0.000           0.000           0.000           0.000           0.000           0.000           0.000           0.000           0.000           0.000           0.000           0.000 -1866666666.667           0.000           0.000  4876397037.037           0.000   159288888.889   -66370370.370           0.000  -199111111.111 -2800000000.000           0.000           0.000           0.000           0.000           0.000
           0.000           0.000           0.000           0.000           0.000           0.000           0.000           0.000           0.000           0.000           0.000           0.000           0.000    -5309629.630   -39822222.222           0.000  9356562962.963    49777777.778           0.000 -3733333333.333           0.000           0.000   -17920000.000    89600000.000           0.000           0.000           0.000
           0.000           0.000           0.000           0.000           0.000           0.000           0.000           0.000           0.000           0.000           0.000           0.000           0.000    39822222.222   199111111.111   159288888.889    49777777.778  2986666666.667   199111111.111           0.000   398222222.222           0.000   -89600000.000   298666666.667           0.000           0.000           0.000
           0.000           0.000           0.000           0.000           0.000           0.000           0.000           0.000           0.000           0.000           0.000           0.000           0.000           0.000           0.000   -66370370.370           0.000   199111111.111   462562635.482  -237644050.122   199467655.836  -396192265.112   237644050.122      356544.725           0.000           0.000           0.000
           0.000           0.000           0.000           0.000           0.000           0.000           0.000           0.000           0.000           0.000           0.000           0.000           0.000           0.000           0.000           0.000 -3733333333.333           0.000  -237644050.122  3876038611.648      594241.208   237644050.122  -142705278.315      594241.208           0.000           0.000           0.000
           0.000           0.000           0.000           0.000           0.000           0.000           0.000           0.000           0.000           0.000           0.000           0.000           0.000           0.000           0.000  -199111111.111           0.000   398222222.222   199467655.836      594241.208   801832231.396     -356544.725     -594241.208     2693893.476           0.000           0.000           0.000
           0.000           0.000           0.000           0.000           0.000           0.000           0.000           0.000           0.000           0.000           0.000           0.000           0.000           0.000           0.000 -2800000000.000           0.000           0.000  -396192265.112   237644050.122     -356544.725  3196192265.112  -237644050.122     -356544.725           0.000           0.000           0.000
           0.000           0.000           0.000           0.000           0.000           0.000           0.000           0.000           0.000           0.000           0.000           0.000           0.000           0.000           0.000           0.000   -17920000.000   -89600000.000   237644050.122  -142705278.315     -594241.208  -237644050.122   160625278.315   -90194241.208           0.000           0.000           0.000
           0.000           0.000           0.000           0.000           0.000           0.000           0.000           0.000           0.000           0.000           0.000           0.000           0.000           0.000           0.000           0.000    89600000.000   298666666.667      356544.725      594241.208     2693893.476     -356544.725   -90194241.208   602721120.285           0.000           0.000           0.000
           0.000           0.000           0.000           0.000           0.000           0.000           0.000           0.000           0.000           0.000           0.000           0.000           0.000           0.000           0.000           0.000           0.000           0.000           0.000           0.000           0.000           0.000           0.000           0.000           1.000           0.000           0.000
           0.000           0.000           0.000           0.000           0.000           0.000           0.000           0.000           0.000           0.000           0.000           0.000           0.000           0.000           0.000           0.000           0.000           0.000           0.000           0.000           0.000           0.000           0.000           0.000           0.000           1.000           0.000
           0.000           0.000           0.000           0.000           0.000           0.000           0.000           0.000           0.000           0.000           0.000           0.000           0.000           0.000           0.000           0.000           0.000           0.000           0.000           0.000           0.000           0.000           0.000           0.000           0.000           0.000           1.000

MATRIZ DE MASSA GLOBAL DA ESTRUTURA
           1.000           0.000           0.000           0.000           0.000           0.000           0.000           0.000           0.000           0.000           0.000           0.000           0.000           0.000           0.000           0.000           0.000           0.000           0.000           0.000           0.000           0.000           0.000           0.000           0.000           0.000           0.000
           0.000           1.000           0.000           0.000           0.000           0.000           0.000           0.000           0.000           0.000           0.000           0.000           0.000           0.000           0.000           0.000           0.000           0.000           0.000           0.000           0.000           0.000           0.000           0.000           0.000           0.000           0.000
           0.000           0.000           1.000           0.000           0.000           0.000           0.000           0.000           0.000           0.000           0.000           0.000           0.000           0.000           0.000           0.000           0.000           0.000           0.000           0.000           0.000           0.000           0.000           0.000           0.000           0.000           0.000
           0.000           0.000           0.000       33800.000           0.000           0.000           0.000           0.000           0.000           0.000           0.000           0.000           0.000           0.000           0.000           0.000           0.000           0.000           0.000           0.000           0.000           0.000           0.000           0.000           0.000           0.000           0.000
           0.000           0.000           0.000           0.000       33800.000           0.000           0.000           0.000           0.000           0.000           0.000           0.000           0.000           0.000           0.000           0.000           0.000           0.000           0.000           0.000           0.000           0.000           0.000           0.000           0.000           0.000           0.000
           0.000           0.000           0.000           0.000           0.000      389119.333           0.000           0.000           0.000           0.000           0.000           0.000           0.000           0.000           0.000           0.000           0.000           0.000           0.000           0.000           0.000           0.000           0.000           0.000           0.000           0.000           0.000
           0.000           0.000           0.000           0.000           0.000           0.000       11439.832           0.000           0.000           0.000           0.000           0.000           0.000           0.000           0.000           0.000           0.000           0.000           0.000           0.000           0.000           0.000           0.000           0.000           0.000           0.000           0.000
           0.000           0.000           0.000           0.000           0.000           0.000           0.000       11439.832           0.000           0.000           0.000           0.000           0.000           0.000           0.000           0.000           0.000           0.000           0.000           0.000           0.000           0.000           0.000           0.000           0.000           0.000           0.000
           0.000           0.000           0.000           0.000           0.000           0.000           0.000           0.000      100188.364           0.000           0.000           0.000           0.000           0.000           0.000           0.000           0.000           0.000           0.000           0.000           0.000           0.000           0.000           0.000           0.000           0.000           0.000
           0.000           0.000           0.000           0.000           0.000           0.000           0.000           0.000           0.000        6239.832           0.000           0.000           0.000           0.000           0.000           0.000           0.000           0.000           0.000           0.000           0.000           0.000           0.000           0.000           0.000           0.000           0.000
           0.000           0.000           0.000           0.000           0.000           0.000           0.000           0.000           0.000           0.000        6239.832           0.000           0.000           0.000           0.000           0.000           0.000           0.000           0.000           0.000           0.000           0.000           0.000           0.000           0.000           0.000           0.000
           0.000           0.000           0.000           0.000           0.000           0.000           0.000           0.000           0.000           0.000           0.000       30977.698           0.000           0.000           0.000           0.000           0.000           0.000           0.000           0.000           0.000           0.000           0.000           0.000           0.000           0.000           0.000
           0.000           0.000           0.000           0.000           0.000           0.000           0.000           0.000           0.000           0.000           0.000           0.000       30000.000           0.000           0.000           0.000           0.000           0.000           0.000           0.000           0.000           0.000           0.000           0.000           0.000           0.000           0.000
           0.000           0.000           0.000           0.000           0.000           0.000           0.000           0.000           0.000           0.000           0.000           0.000           0.000       30000.000           0.000           0.000           0.000           0.000           0.000           0.000           0.000           0.000           0.000           0.000           0.000           0.000           0.000
           0.000           0.000           0.000           0.000           0.000           0.000           0.000           0.000           0.000           0.000           0.000           0.000           0.000           0.000      564100.000           0.000           0.000           0.000           0.000           0.000           0.000           0.000           0.000           0.000           0.000           0.000           0.000
           0.000           0.000           0.000           0.000           0.000           0.000           0.000           0.000           0.000           0.000           0.000           0.000           0.000           0.000           0.000       34800.000           0.000           0.000           0.000           0.000           0.000           0.000           0.000           0.000           0.000           0.000           0.000
           0.000           0.000           0.000           0.000           0.000           0.000           0.000           0.000           0.000           0.000           0.000           0.000           0.000           0.000           0.000           0.000       34800.000           0.000           0.000           0.000           0.000           0.000           0.000           0.000           0.000           0.000           0.000
           0.000           0.000           0.000           0.000           0.000           0.000           0.000           0.000           0.000           0.000           0.000           0.000           0.000           0.000           0.000           0.000           0.000      391256.000           0.000           0.000           0.000           0.000           0.000           0.000           0.000           0.000           0.000
           0.000           0.000           0.000           0.000           0.000           0.000           0.000           0.000           0.000           0.000           0.000           0.000           0.000           0.000           0.000           0.000           0.000           0.000        6239.832          -0.000           0.000           0.000           0.000           0.000           0.000           0.000           0.000
           0.000           0.000           0.000           0.000           0.000           0.000           0.000           0.000           0.000           0.000           0.000           0.000           0.000           0.000           0.000           0.000           0.000           0.000          -0.000        6239.832           0.000           0.000           0.000           0.000           0.000           0.000           0.000
           0.000           0.000           0.000           0.000           0.000           0.000           0.000           0.000           0.000           0.000           0.000           0.000           0.000           0.000           0.000           0.000           0.000           0.000           0.000           0.000       30977.698           0.000           0.000           0.000           0.000           0.000           0.000
           0.000           0.000           0.000           0.000           0.000           0.000           0.000           0.000           0.000           0.000           0.000           0.000           0.000           0.000           0.000           0.000           0.000           0.000           0.000           0.000           0.000       11439.832          -0.000           0.000           0.000           0.000           0.000
           0.000           0.000           0.000           0.000           0.000           0.000           0.000           0.000           0.000           0.000           0.000           0.000           0.000           0.000           0.000           0.000           0.000           0.000           0.000           0.000           0.000          -0.000       11439.832           0.000           0.000           0.000           0.000
           0.000           0.000           0.000           0.000           0.000           0.000           0.000           0.000           0.000           0.000           0.000           0.000           0.000           0.000           0.000           0.000           0.000           0.000           0.000           0.000           0.000           0.000           0.000      100188.364           0.000           0.000           0.000
           0.000           0.000           0.000           0.000           0.000           0.000           0.000           0.000           0.000           0.000           0.000           0.000           0.000           0.000           0.000           0.000           0.000           0.000           0.000           0.000           0.000           0.000           0.000           0.000           1.000           0.000           0.000
           0.000           0.000           0.000           0.000           0.000           0.000           0.000           0.000           0.000           0.000           0.000           0.000           0.000           0.000           0.000           0.000           0.000           0.000           0.000           0.000           0.000           0.000           0.000           0.000           0.000           1.000           0.000
           0.000           0.000           0.000           0.000           0.000           0.000           0.000           0.000           0.000           0.000           0.000           0.000           0.000           0.000           0.000           0.000           0.000           0.000           0.000           0.000           0.000           0.000           0.000           0.000           0.000           0.000           1.000

MATRIZ DE AMORTECIMENTO GLOBAL DA ESTRUTURA
           1.000           0.000           0.000           0.000           0.000           0.000           0.000           0.000           0.000           0.000           0.000           0.000           0.000           0.000           0.000           0.000           0.000           0.000           0.000           0.000           0.000           0.000           0.000           0.000           0.000           0.000           0.000
           0.000           1.000           0.000           0.000           0.000           0.000           0.000           0.000           0.000           0.000           0.000           0.000           0.000           0.000           0.000           0.000           0.000           0.000           0.000           0.000           0.000           0.000           0.000           0.000           0.000           0.000           0.000
           0.000           0.000           1.000           0.000           0.000           0.000           0.000           0.000           0.000           0.000           0.000           0.000           0.000           0.000           0.000           0.000           0.000           0.000           0.000           0.000           0.000           0.000           0.000           0.000           0.000           0.000           0.000
           0.000           0.000           0.000    48477926.370           0.000      876088.889   -28000000.000           0.000           0.000     -663703.704           0.000    -1991111.111   -18666666.667           0.000           0.000           0.000           0.000           0.000           0.000           0.000           0.000           0.000           0.000           0.000           0.000           0.000           0.000
           0.000           0.000           0.000           0.000    82366305.630     -497777.778           0.000     -179200.000     -896000.000           0.000   -37333333.333           0.000           0.000      -53096.296      398222.222           0.000           0.000           0.000           0.000           0.000           0.000           0.000           0.000           0.000           0.000           0.000           0.000
           0.000           0.000           0.000      876088.889     -497777.778    27485115.720           0.000      896000.000     2986666.667     1991111.111           0.000     3982222.222           0.000     -398222.222     1991111.111           0.000           0.000           0.000           0.000           0.000           0.000           0.000           0.000           0.000           0.000           0.000           0.000
           0.000           0.000           0.000   -28000000.000           0.000           0.000    31962151.448     2376440.501       -3565.447    -3961922.651    -2376440.501       -3565.447           0.000           0.000           0.000           0.000           0.000           0.000           0.000           0.000           0.000           0.000           0.000           0.000           0.000           0.000           0.000
           0.000           0.000           0.000           0.000     -179200.000      896000.000     2376440.501     1606481.580      901942.412    -2376440.501    -1427052.783        5942.412           0.000           0.000           0.000           0.000           0.000           0.000           0.000           0.000           0.000           0.000           0.000           0.000           0.000           0.000           0.000
           0.000           0.000           0.000           0.000     -896000.000     2986666.667       -3565.447      901942.412     6029214.970        3565.447       -5942.412       26938.935           0.000           0.000           0.000           0.000           0.000           0.000           0.000           0.000           0.000           0.000           0.000           0.000           0.000           0.000           0.000
           0.000           0.000           0.000     -663703.704           0.000     1991111.111    -3961922.651    -2376440.501        3565.447     4625751.151     2376440.501     1994676.558           0.000           0.000           0.000           0.000           0.000           0.000           0.000           0.000           0.000           0.000           0.000           0.000           0.000           0.000           0.000
           0.000           0.000           0.000           0.000   -37333333.333           0.000    -2376440.501    -1427052.783       -5942.412     2376440.501    38760510.913       -5942.412           0.000           0.000           0.000           0.000           0.000           0.000           0.000           0.000           0.000           0.000           0.000           0.000           0.000           0.000           0.000
           0.000           0.000           0.000    -1991111.111           0.000     3982222.222       -3565.447        5942.412       26938.935     1994676.558       -5942.412     8018941.868           0.000           0.000           0.000           0.000           0.000           0.000           0.000           0.000           0.000           0.000           0.000           0.000           0.000           0.000           0.000
           0.000           0.000           0.000   -18666666.667           0.000           0.000           0.000           0.000           0.000           0.000           0.000           0.000    37333933.333           0.000           0.000   -18666666.667           0.000           0.000           0.000           0.000           0.000           0.000           0.000           0.000           0.000           0.000           0.000
           0.000           0.000           0.000           0.000      -53096.296     -398222.222           0.000           0.000           0.000           0.000           0.000           0.000           0.000      106792.593           0.000           0.000      -53096.296      398222.222           0.000           0.000           0.000           0.000           0.000           0.000           0.000           0.000           0.000
           0.000           0.000           0.000           0.000      398222.222     1991111.111           0.000           0.000           0.000           0.000           0.000           0.000           0.000           0.000     7975726.444           0.000     -398222.222     1991111.111           0.000           0.000           0.000           0.000           0.000           0.000           0.000           0.000           0.000
           0.000           0.000           0.000           0.000           0.000           0.000           0.000           0.000           0.000           0.000           0.000           0.000   -18666666.667           0.000           0.000    48764666.370           0.000     1592888.889     -663703.704           0.000    -1991111.111   -28000000.000           0.000           0.000           0.000           0.000           0.000
           0.000           0.000           0.000           0.000           0.000           0.000           0.000           0.000           0.000           0.000           0.000           0.000           0.000      -53096.296     -398222.222           0.000    93566325.630      497777.778           0.000   -37333333.333           0.000           0.000     -179200.000      896000.000           0.000           0.000           0.000
           0.000           0.000           0.000           0.000           0.000           0.000           0.000           0.000           0.000           0.000           0.000           0.000           0.000      398222.222     1991111.111     1592888.889      497777.778    29874491.787     1991111.111           0.000     3982222.222           0.000     -896000.000     2986666.667           0.000           0.000           0.000
           0.000           0.000           0.000           0.000           0.000           0.000           0.000           0.000           0.000           0.000           0.000           0.000           0.000           0.000           0.000     -663703.704           0.000     1991111.111     4625751.151    -2376440.501     1994676.558    -3961922.651     2376440.501        3565.447           0.000           0.000           0.000
           0.000           0.000           0.000           0.000           0.000           0.000           0.000           0.000           0.000           0.000           0.000           0.000           0.000           0.000           0.000           0.000   -37333333.333           0.000    -2376440.501    38760510.913        5942.412     2376440.501    -1427052.783        5942.412           0.000           0.000           0.000
           0.000           0.000           0.000           0.000           0.000           0.000           0.000           0.000           0.000           0.000           0.000           0.000           0.000           0.000           0.000    -1991111.111           0.000     3982222.222     1994676.558        5942.412     8018941.868       -3565.447       -5942.412       26938.935           0.000           0.000           0.000
           0.000           0.000           0.000           0.000           0.000           0.000           0.000           0.000           0.000           0.000           0.000           0.000           0.000           0.000           0.000   -28000000.000           0.000           0.000    -3961922.651     2376440.501       -3565.447    31962151.448    -2376440.501       -3565.447           0.000           0.000           0.000
           0.000           0.000           0.000           0.000           0.000           0.000           0.000           0.000           0.000           0.000           0.000           0.000           0.000           0.000           0.000           0.000     -179200.000     -896000.000     2376440.501    -1427052.783       -5942.412    -2376440.501     1606481.580     -901942.412           0.000           0.000           0.000
           0.000           0.000           0.000           0.000           0.000           0.000           0.000           0.000           0.000           0.000           0.000           0.000           0.000           0.000           0.000           0.000      896000.000     2986666.667        3565.447        5942.412       26938.935       -3565.447     -901942.412     6029214.970           0.000           0.000           0.000
           0.000           0.000           0.000           0.000           0.000           0.000           0.000           0.000           0.000           0.000           0.000           0.000           0.000           0.000           0.000           0.000           0.000           0.000           0.000           0.000           0.000           0.000           0.000           0.000           1.000           0.000           0.000
           0.000           0.000           0.000           0.000           0.000           0.000           0.000           0.000           0.000           0.000           0.000           0.000           0.000           0.000           0.000           0.000           0.000           0.000           0.000           0.000           0.000           0.000           0.000           0.000           0.000           1.000           0.000
           0.000           0.000           0.000           0.000           0.000           0.000           0.000           0.000           0.000           0.000           0.000           0.000           0.000           0.000           0.000           0.000           0.000           0.000           0.000           0.000           0.000           0.000           0.000           0.000           0.000           0.000           1.000

VETOR DE ESFORCOS GLOBAIS NA ESTRUTURA
             0.0
             0.0
             0.0
             0.0
             0.0
             0.0
             0.0
             0.0
             0.0
             0.0
             0.0
             0.0
             0.0
             0.0
             0.0
             0.0
             0.0
             0.0
             0.0
             0.0
             0.0
             0.0
             0.0
             0.0
             0.0
             0.0
             0.0

VETOR DE DESLOCAMENTOS GLOBAIS NA ESTRUTURA
       0.000E+00
       0.000E+00
       0.000E+00
       0.000E+00
       0.000E+00
       0.000E+00
       0.000E+00
       0.000E+00
       0.000E+00
       0.000E+00
       0.000E+00
       0.000E+00
       0.000E+00
       0.000E+00
       0.000E+00
       0.000E+00
       0.000E+00
       0.000E+00
       0.000E+00
       0.000E+00
       0.000E+00
       0.000E+00
       0.000E+00
       0.000E+00
       0.000E+00
       0.000E+00
       0.000E+00

VETOR DE CARGAS MOVEIS GLOBAIS NA ESTRUTURA
       0.000E+00
       0.000E+00
       0.000E+00
       0.000E+00
       0.000E+00
       0.000E+00
       0.000E+00
       0.000E+00
       0.000E+00
       0.000E+00
       0.000E+00
       0.000E+00
       0.000E+00
       0.000E+00
       0.000E+00
       0.000E+00
       0.000E+00
       0.000E+00
       0.000E+00
       0.000E+00
       0.000E+00
       0.000E+00
       0.000E+00
       0.000E+00
       0.000E+00
       0.000E+00
       0.000E+00
